path	energy1	energy2	mu0	-3.341975	4.662208	-0.640000
1	-3.341373	4.661606	-0.640000
2	-3.339567	4.659800	-0.640000
3	-3.336559	4.656792	-0.640000
4	-3.332349	4.652582	-0.640000
5	-3.326942	4.647175	-0.640000
6	-3.320339	4.640572	-0.640000
7	-3.312546	4.632779	-0.640000
8	-3.303566	4.623799	-0.640000
9	-3.293405	4.613638	-0.640000
10	-3.282069	4.602302	-0.640000
11	-3.269565	4.589799	-0.640000
12	-3.255901	4.576135	-0.640000
13	-3.241085	4.561318	-0.640000
14	-3.225126	4.545359	-0.640000
15	-3.208033	4.528266	-0.640000
16	-3.189817	4.510050	-0.640000
17	-3.170488	4.490721	-0.640000
18	-3.150059	4.470292	-0.640000
19	-3.128541	4.448774	-0.640000
20	-3.105948	4.426182	-0.640000
21	-3.082294	4.402527	-0.640000
22	-3.057592	4.377825	-0.640000
23	-3.031858	4.352091	-0.640000
24	-3.005106	4.325340	-0.640000
25	-2.977354	4.297587	-0.640000
26	-2.948618	4.268851	-0.640000
27	-2.918915	4.239148	-0.640000
28	-2.888263	4.208496	-0.640000
29	-2.856681	4.176914	-0.640000
30	-2.824188	4.144421	-0.640000
31	-2.790803	4.111036	-0.640000
32	-2.756547	4.076780	-0.640000
33	-2.721440	4.041673	-0.640000
34	-2.685503	4.005737	-0.640000
35	-2.648759	3.968992	-0.640000
36	-2.611229	3.931462	-0.640000
37	-2.572936	3.893169	-0.640000
38	-2.533903	3.854136	-0.640000
39	-2.494154	3.814387	-0.640000
40	-2.453712	3.773945	-0.640000
41	-2.412603	3.732836	-0.640000
42	-2.370851	3.691084	-0.640000
43	-2.328481	3.648714	-0.640000
44	-2.285519	3.605752	-0.640000
45	-2.241991	3.562224	-0.640000
46	-2.197923	3.518156	-0.640000
47	-2.153342	3.473575	-0.640000
48	-2.108275	3.428508	-0.640000
49	-2.062748	3.382982	-0.640000
50	-2.016791	3.337024	-0.640000
51	-1.970430	3.290663	-0.640000
52	-1.923693	3.243926	-0.640000
53	-1.876610	3.196843	-0.640000
54	-1.829207	3.149441	-0.640000
55	-1.781515	3.101749	-0.640000
56	-1.733562	3.053796	-0.640000
57	-1.685377	3.005611	-0.640000
58	-1.636990	2.957223	-0.640000
59	-1.588429	2.908662	-0.640000
60	-1.539725	2.859958	-0.640000
61	-1.490906	2.811139	-0.640000
62	-1.442003	2.762236	-0.640000
63	-1.393045	2.713279	-0.640000
64	-1.344063	2.664296	-0.640000
65	-1.295085	2.615319	-0.640000
66	-1.246143	2.566376	-0.640000
67	-1.197265	2.517498	-0.640000
68	-1.148482	2.468715	-0.640000
69	-1.099823	2.420056	-0.640000
70	-1.051319	2.371552	-0.640000
71	-1.002999	2.323232	-0.640000
72	-0.954892	2.275125	-0.640000
73	-0.907030	2.227263	-0.640000
74	-0.859440	2.179673	-0.640000
75	-0.812152	2.132386	-0.640000
76	-0.765197	2.085430	-0.640000
77	-0.718603	2.038836	-0.640000
78	-0.672398	1.992631	-0.640000
79	-0.626613	1.946846	-0.640000
80	-0.581276	1.901509	-0.640000
81	-0.536415	1.856648	-0.640000
82	-0.492059	1.812292	-0.640000
83	-0.448236	1.768469	-0.640000
84	-0.404975	1.725209	-0.640000
85	-0.362304	1.682537	-0.640000
86	-0.320251	1.640484	-0.640000
87	-0.278843	1.599076	-0.640000
88	-0.238108	1.558341	-0.640000
89	-0.198074	1.518307	-0.640000
90	-0.158768	1.479001	-0.640000
91	-0.120218	1.440451	-0.640000
92	-0.082452	1.402685	-0.640000
93	-0.045498	1.365731	-0.640000
94	-0.009383	1.329616	-0.640000
95	0.025864	1.294369	-0.640000
96	0.060216	1.260018	-0.640000
97	0.093641	1.226592	-0.640000
98	0.126112	1.194121	-0.640000
99	0.157597	1.162636	-0.640000
100	0.188065	1.132168	-0.640000
101	0.217483	1.102750	-0.640000
102	0.245817	1.074417	-0.640000
103	0.273029	1.047204	-0.640000
104	0.299083	1.021150	-0.640000
105	0.323936	0.996297	-0.640000
106	0.347547	0.972687	-0.640000
107	0.369867	0.950366	-0.640000
108	0.390848	0.929386	-0.640000
109	0.410437	0.909796	-0.640000
110	0.428583	0.891650	-0.640000
111	0.445232	0.875001	-0.640000
112	0.460335	0.859898	-0.640000
113	0.473850	0.846383	-0.640000
114	0.485750	0.834484	-0.640000
115	0.496028	0.824205	-0.640000
116	0.504707	0.815526	-0.640000
117	0.511846	0.808387	-0.640000
118	0.517540	0.802693	-0.640000
119	0.521925	0.798308	-0.640000
120	0.525164	0.795069	-0.640000
121	0.527442	0.792791	-0.640000
122	0.528952	0.791281	-0.640000
123	0.529880	0.790354	-0.640000
124	0.530393	0.789840	-0.640000
125	0.530638	0.789596	-0.640000
126	0.530729	0.789505	-0.640000
127	0.530750	0.789484	-0.640000
128	0.530751	0.789482	-0.640000
129	0.530750	0.789484	-0.640000
130	0.530729	0.789505	-0.640000
131	0.530638	0.789596	-0.640000
132	0.530393	0.789840	-0.640000
133	0.529880	0.790354	-0.640000
134	0.528952	0.791281	-0.640000
135	0.527442	0.792791	-0.640000
136	0.525164	0.795069	-0.640000
137	0.521925	0.798308	-0.640000
138	0.517540	0.802693	-0.640000
139	0.511846	0.808387	-0.640000
140	0.504707	0.815526	-0.640000
141	0.496028	0.824205	-0.640000
142	0.485750	0.834484	-0.640000
143	0.473850	0.846383	-0.640000
144	0.460335	0.859898	-0.640000
145	0.445232	0.875001	-0.640000
146	0.428583	0.891650	-0.640000
147	0.410437	0.909796	-0.640000
148	0.390848	0.929386	-0.640000
149	0.369867	0.950366	-0.640000
150	0.347547	0.972687	-0.640000
151	0.323936	0.996297	-0.640000
152	0.299083	1.021150	-0.640000
153	0.273029	1.047204	-0.640000
154	0.245817	1.074417	-0.640000
155	0.217483	1.102750	-0.640000
156	0.188065	1.132168	-0.640000
157	0.157597	1.162636	-0.640000
158	0.126112	1.194121	-0.640000
159	0.093641	1.226592	-0.640000
160	0.060216	1.260018	-0.640000
161	0.025864	1.294369	-0.640000
162	-0.009383	1.329616	-0.640000
163	-0.045498	1.365731	-0.640000
164	-0.082452	1.402685	-0.640000
165	-0.120218	1.440451	-0.640000
166	-0.158768	1.479001	-0.640000
167	-0.198074	1.518307	-0.640000
168	-0.238108	1.558341	-0.640000
169	-0.278843	1.599076	-0.640000
170	-0.320251	1.640484	-0.640000
171	-0.362304	1.682537	-0.640000
172	-0.404975	1.725209	-0.640000
173	-0.448236	1.768469	-0.640000
174	-0.492059	1.812292	-0.640000
175	-0.536415	1.856648	-0.640000
176	-0.581276	1.901509	-0.640000
177	-0.626613	1.946846	-0.640000
178	-0.672398	1.992631	-0.640000
179	-0.718603	2.038836	-0.640000
180	-0.765197	2.085430	-0.640000
181	-0.812152	2.132386	-0.640000
182	-0.859440	2.179673	-0.640000
183	-0.907030	2.227263	-0.640000
184	-0.954892	2.275125	-0.640000
185	-1.002999	2.323232	-0.640000
186	-1.051319	2.371552	-0.640000
187	-1.099823	2.420056	-0.640000
188	-1.148482	2.468715	-0.640000
189	-1.197265	2.517498	-0.640000
190	-1.246143	2.566376	-0.640000
191	-1.295085	2.615319	-0.640000
192	-1.344063	2.664296	-0.640000
193	-1.393045	2.713279	-0.640000
194	-1.442003	2.762236	-0.640000
195	-1.490906	2.811139	-0.640000
196	-1.539725	2.859958	-0.640000
197	-1.588429	2.908662	-0.640000
198	-1.636990	2.957223	-0.640000
199	-1.685377	3.005611	-0.640000
200	-1.733562	3.053796	-0.640000
201	-1.781515	3.101749	-0.640000
202	-1.829207	3.149441	-0.640000
203	-1.876610	3.196843	-0.640000
204	-1.923693	3.243926	-0.640000
205	-1.970430	3.290663	-0.640000
206	-2.016791	3.337024	-0.640000
207	-2.062748	3.382982	-0.640000
208	-2.108275	3.428508	-0.640000
209	-2.153342	3.473575	-0.640000
210	-2.197923	3.518156	-0.640000
211	-2.241991	3.562224	-0.640000
212	-2.285519	3.605752	-0.640000
213	-2.328481	3.648714	-0.640000
214	-2.370851	3.691084	-0.640000
215	-2.412603	3.732836	-0.640000
216	-2.453712	3.773945	-0.640000
217	-2.494154	3.814387	-0.640000
218	-2.533903	3.854136	-0.640000
219	-2.572936	3.893169	-0.640000
220	-2.611229	3.931462	-0.640000
221	-2.648759	3.968992	-0.640000
222	-2.685503	4.005737	-0.640000
223	-2.721440	4.041673	-0.640000
224	-2.756547	4.076780	-0.640000
225	-2.790803	4.111036	-0.640000
226	-2.824188	4.144421	-0.640000
227	-2.856681	4.176914	-0.640000
228	-2.888263	4.208496	-0.640000
229	-2.918915	4.239148	-0.640000
230	-2.948618	4.268851	-0.640000
231	-2.977354	4.297587	-0.640000
232	-3.005106	4.325340	-0.640000
233	-3.031858	4.352091	-0.640000
234	-3.057592	4.377825	-0.640000
235	-3.082294	4.402527	-0.640000
236	-3.105948	4.426182	-0.640000
237	-3.128541	4.448774	-0.640000
238	-3.150059	4.470292	-0.640000
239	-3.170488	4.490721	-0.640000
240	-3.189817	4.510050	-0.640000
241	-3.208033	4.528266	-0.640000
242	-3.225126	4.545359	-0.640000
243	-3.241085	4.561318	-0.640000
244	-3.255901	4.576135	-0.640000
245	-3.269565	4.589799	-0.640000
246	-3.282069	4.602302	-0.640000
247	-3.293405	4.613638	-0.640000
248	-3.303566	4.623799	-0.640000
249	-3.312546	4.632779	-0.640000
250	-3.320339	4.640572	-0.640000
251	-3.326942	4.647175	-0.640000
252	-3.332349	4.652582	-0.640000
253	-3.336559	4.656792	-0.640000
254	-3.339567	4.659800	-0.640000
255	-3.341373	4.661606	-0.640000
256	-3.341674	4.661907	-0.640000
257	-3.340470	4.660703	-0.640000
258	-3.336858	4.657092	-0.640000
259	-3.330842	4.651075	-0.640000
260	-3.322424	4.642657	-0.640000
261	-3.311610	4.631843	-0.640000
262	-3.298406	4.618639	-0.640000
263	-3.282820	4.603053	-0.640000
264	-3.264862	4.585095	-0.640000
265	-3.244542	4.564775	-0.640000
266	-3.221872	4.542106	-0.640000
267	-3.196868	4.517101	-0.640000
268	-3.169542	4.489775	-0.640000
269	-3.139913	4.460146	-0.640000
270	-3.107997	4.428231	-0.640000
271	-3.073815	4.394048	-0.640000
272	-3.037387	4.357620	-0.640000
273	-2.998735	4.318968	-0.640000
274	-2.957882	4.278115	-0.640000
275	-2.914853	4.235086	-0.640000
276	-2.869674	4.189907	-0.640000
277	-2.822373	4.142606	-0.640000
278	-2.772978	4.093211	-0.640000
279	-2.721519	4.041752	-0.640000
280	-2.668027	3.988260	-0.640000
281	-2.612534	3.932767	-0.640000
282	-2.555075	3.875308	-0.640000
283	-2.495684	3.815917	-0.640000
284	-2.434398	3.754631	-0.640000
285	-2.371252	3.691486	-0.640000
286	-2.306287	3.626520	-0.640000
287	-2.239541	3.559774	-0.640000
288	-2.171055	3.491288	-0.640000
289	-2.100870	3.421103	-0.640000
290	-2.029030	3.349264	-0.640000
291	-1.955579	3.275812	-0.640000
292	-1.880561	3.200794	-0.640000
293	-1.804023	3.124256	-0.640000
294	-1.726011	3.046244	-0.640000
295	-1.646573	2.966806	-0.640000
296	-1.565759	2.885993	-0.640000
297	-1.483620	2.803853	-0.640000
298	-1.400205	2.720438	-0.640000
299	-1.315568	2.635801	-0.640000
300	-1.229761	2.549994	-0.640000
301	-1.142840	2.463074	-0.640000
302	-1.054861	2.375094	-0.640000
303	-0.965881	2.286114	-0.640000
304	-0.875959	2.196192	-0.640000
305	-0.785157	2.105390	-0.640000
306	-0.693537	2.013770	-0.640000
307	-0.601168	1.921401	-0.640000
308	-0.508119	1.828353	-0.640000
309	-0.414469	1.734703	-0.640000
310	-0.320303	1.640536	-0.640000
311	-0.225719	1.545953	-0.640000
312	-0.130837	1.451070	-0.640000
313	-0.035809	1.356042	-0.640000
314	0.059150	1.261083	-0.640000
315	0.153708	1.166525	-0.640000
316	0.247285	1.072948	-0.640000
317	0.338697	0.981536	-0.640000
318	0.425059	0.895174	-0.640000
319	0.497727	0.822506	-0.640000
320	0.530751	0.789482	-0.640000
321	0.497727	0.822506	-0.640000
322	0.425059	0.895174	-0.640000
323	0.338697	0.981536	-0.640000
324	0.247285	1.072948	-0.640000
325	0.153708	1.166525	-0.640000
326	0.059150	1.261083	-0.640000
327	-0.035809	1.356042	-0.640000
328	-0.130837	1.451070	-0.640000
329	-0.225719	1.545953	-0.640000
330	-0.320303	1.640536	-0.640000
331	-0.414469	1.734703	-0.640000
332	-0.508119	1.828353	-0.640000
333	-0.601168	1.921401	-0.640000
334	-0.693537	2.013770	-0.640000
335	-0.785157	2.105390	-0.640000
336	-0.875959	2.196192	-0.640000
337	-0.965881	2.286114	-0.640000
338	-1.054861	2.375094	-0.640000
339	-1.142840	2.463074	-0.640000
340	-1.229761	2.549994	-0.640000
341	-1.315568	2.635801	-0.640000
342	-1.400205	2.720438	-0.640000
343	-1.483620	2.803853	-0.640000
344	-1.565759	2.885993	-0.640000
345	-1.646573	2.966806	-0.640000
346	-1.726011	3.046244	-0.640000
347	-1.804023	3.124256	-0.640000
348	-1.880561	3.200794	-0.640000
349	-1.955579	3.275812	-0.640000
350	-2.029030	3.349264	-0.640000
351	-2.100870	3.421103	-0.640000
352	-2.171055	3.491288	-0.640000
353	-2.239541	3.559774	-0.640000
354	-2.306287	3.626520	-0.640000
355	-2.371252	3.691486	-0.640000
356	-2.434398	3.754631	-0.640000
357	-2.495684	3.815917	-0.640000
358	-2.555075	3.875308	-0.640000
359	-2.612534	3.932767	-0.640000
360	-2.668027	3.988260	-0.640000
361	-2.721519	4.041752	-0.640000
362	-2.772978	4.093211	-0.640000
363	-2.822373	4.142606	-0.640000
364	-2.869674	4.189907	-0.640000
365	-2.914853	4.235086	-0.640000
366	-2.957882	4.278115	-0.640000
367	-2.998735	4.318968	-0.640000
368	-3.037387	4.357620	-0.640000
369	-3.073815	4.394048	-0.640000
370	-3.107997	4.428231	-0.640000
371	-3.139913	4.460146	-0.640000
372	-3.169542	4.489775	-0.640000
373	-3.196868	4.517101	-0.640000
374	-3.221872	4.542106	-0.640000
375	-3.244542	4.564775	-0.640000
376	-3.264862	4.585095	-0.640000
377	-3.282820	4.603053	-0.640000
378	-3.298406	4.618639	-0.640000
379	-3.311610	4.631843	-0.640000
380	-3.322424	4.642657	-0.640000
381	-3.330842	4.651075	-0.640000
382	-3.336858	4.657092	-0.640000
383	-3.340470	4.660703	-0.640000
