path	energy1	energy2	mu
1200	1.197070	9.197080	6.058000
1201	1.198057	9.196093	6.058000
1202	1.201017	9.193133	6.058000
1203	1.205946	9.188204	6.058000
1204	1.212841	9.181309	6.058000
1205	1.221693	9.172457	6.058000
1206	1.232496	9.161654	6.058000
1207	1.245237	9.148913	6.058000
1208	1.259904	9.134246	6.058000
1209	1.276483	9.117667	6.058000
1210	1.294957	9.099193	6.058000
1211	1.315308	9.078842	6.058000
1212	1.337517	9.056633	6.058000
1213	1.361561	9.032589	6.058000
1214	1.387416	9.006734	6.058000
1215	1.415057	8.979093	6.058000
1216	1.444456	8.949694	6.058000
1217	1.475586	8.918564	6.058000
1218	1.508414	8.885736	6.058000
1219	1.542909	8.851241	6.058000
1220	1.579036	8.815114	6.058000
1221	1.616760	8.777390	6.058000
1222	1.656043	8.738107	6.058000
1223	1.696847	8.697303	6.058000
1224	1.739132	8.655018	6.058000
1225	1.782856	8.611294	6.058000
1226	1.827975	8.566175	6.058000
1227	1.874445	8.519705	6.058000
1228	1.922221	8.471929	6.058000
1229	1.971255	8.422895	6.058000
1230	2.021498	8.372652	6.058000
1231	2.072902	8.321248	6.058000
1232	2.125415	8.268735	6.058000
1233	2.178986	8.215164	6.058000
1234	2.233561	8.160589	6.058000
1235	2.289087	8.105063	6.058000
1236	2.345510	8.048640	6.058000
1237	2.402772	7.991378	6.058000
1238	2.460819	7.933331	6.058000
1239	2.519592	7.874558	6.058000
1240	2.579034	7.815116	6.058000
1241	2.639085	7.755065	6.058000
1242	2.699687	7.694463	6.058000
1243	2.760781	7.633369	6.058000
1244	2.822304	7.571846	6.058000
1245	2.884198	7.509952	6.058000
1246	2.946400	7.447750	6.058000
1247	3.008850	7.385300	6.058000
1248	3.071485	7.322665	6.058000
1249	3.134244	7.259906	6.058000
1250	3.197065	7.197085	6.058000
1251	3.259887	7.134263	6.058000
1252	3.322646	7.071504	6.058000
1253	3.385281	7.008869	6.058000
1254	3.447730	6.946420	6.058000
1255	3.509932	6.884218	6.058000
1256	3.571826	6.822324	6.058000
1257	3.633349	6.760801	6.058000
1258	3.694442	6.699708	6.058000
1259	3.755044	6.639106	6.058000
1260	3.815095	6.579055	6.058000
1261	3.874536	6.519614	6.058000
1262	3.933309	6.460841	6.058000
1263	3.991355	6.402795	6.058000
1264	4.048617	6.345533	6.058000
1265	4.105038	6.289112	6.058000
1266	4.160564	6.233586	6.058000
1267	4.215138	6.179012	6.058000
1268	4.268708	6.125442	6.058000
1269	4.321220	6.072930	6.058000
1270	4.372622	6.021528	6.058000
1271	4.422864	5.971286	6.058000
1272	4.471896	5.922254	6.058000
1273	4.519670	5.874480	6.058000
1274	4.566139	5.828011	6.058000
1275	4.611255	5.782895	6.058000
1276	4.654977	5.739173	6.058000
1277	4.697258	5.696892	6.058000
1278	4.738059	5.656091	6.058000
1279	4.777339	5.616811	6.058000
1280	4.815058	5.579092	6.058000
1281	4.851180	5.542970	6.058000
1282	4.885669	5.508481	6.058000
1283	4.918490	5.475660	6.058000
1284	4.949610	5.444540	6.058000
1285	4.978999	5.415151	6.058000
1286	5.006627	5.387523	6.058000
1287	5.032467	5.361683	6.058000
1288	5.056490	5.337660	6.058000
1289	5.078673	5.315477	6.058000
1290	5.098990	5.295160	6.058000
1291	5.117419	5.276731	6.058000
1292	5.133934	5.260216	6.058000
1293	5.148508	5.245642	6.058000
1294	5.161107	5.233043	6.058000
1295	5.171677	5.222473	6.058000
1296	5.180121	5.214029	6.058000
1297	5.186234	5.207916	6.058000
1298	5.189705	5.204445	6.058000
1299	5.190773	5.203377	6.058000
1300	5.190851	5.203299	6.058000
1301	5.190773	5.203377	6.058000
1302	5.189705	5.204445	6.058000
1303	5.186234	5.207916	6.058000
1304	5.180121	5.214029	6.058000
1305	5.171677	5.222473	6.058000
1306	5.161107	5.233043	6.058000
1307	5.148508	5.245642	6.058000
1308	5.133934	5.260216	6.058000
1309	5.117419	5.276731	6.058000
1310	5.098990	5.295160	6.058000
1311	5.078673	5.315477	6.058000
1312	5.056490	5.337660	6.058000
1313	5.032467	5.361683	6.058000
1314	5.006627	5.387523	6.058000
1315	4.978999	5.415151	6.058000
1316	4.949610	5.444540	6.058000
1317	4.918490	5.475660	6.058000
1318	4.885669	5.508481	6.058000
1319	4.851180	5.542970	6.058000
1320	4.815058	5.579092	6.058000
1321	4.777339	5.616811	6.058000
1322	4.738059	5.656091	6.058000
1323	4.697258	5.696892	6.058000
1324	4.654977	5.739173	6.058000
1325	4.611255	5.782895	6.058000
1326	4.566139	5.828011	6.058000
1327	4.519670	5.874480	6.058000
1328	4.471896	5.922254	6.058000
1329	4.422864	5.971286	6.058000
1330	4.372622	6.021528	6.058000
1331	4.321220	6.072930	6.058000
1332	4.268708	6.125442	6.058000
1333	4.215138	6.179012	6.058000
1334	4.160564	6.233586	6.058000
1335	4.105038	6.289112	6.058000
1336	4.048617	6.345533	6.058000
1337	3.991355	6.402795	6.058000
1338	3.933309	6.460841	6.058000
1339	3.874536	6.519614	6.058000
1340	3.815095	6.579055	6.058000
1341	3.755044	6.639106	6.058000
1342	3.694442	6.699708	6.058000
1343	3.633349	6.760801	6.058000
1344	3.571826	6.822324	6.058000
1345	3.509932	6.884218	6.058000
1346	3.447730	6.946420	6.058000
1347	3.385281	7.008869	6.058000
1348	3.322646	7.071504	6.058000
1349	3.259887	7.134263	6.058000
1350	3.197065	7.197085	6.058000
1351	3.134244	7.259906	6.058000
1352	3.071485	7.322665	6.058000
1353	3.008850	7.385300	6.058000
1354	2.946400	7.447750	6.058000
1355	2.884198	7.509952	6.058000
1356	2.822304	7.571846	6.058000
1357	2.760781	7.633369	6.058000
1358	2.699687	7.694463	6.058000
1359	2.639085	7.755065	6.058000
1360	2.579034	7.815116	6.058000
1361	2.519592	7.874558	6.058000
1362	2.460819	7.933331	6.058000
1363	2.402772	7.991378	6.058000
1364	2.345510	8.048640	6.058000
1365	2.289087	8.105063	6.058000
1366	2.233561	8.160589	6.058000
1367	2.178986	8.215164	6.058000
1368	2.125415	8.268735	6.058000
1369	2.072902	8.321248	6.058000
1370	2.021498	8.372652	6.058000
1371	1.971255	8.422895	6.058000
1372	1.922221	8.471929	6.058000
1373	1.874445	8.519705	6.058000
1374	1.827975	8.566175	6.058000
1375	1.782856	8.611294	6.058000
1376	1.739132	8.655018	6.058000
1377	1.696847	8.697303	6.058000
1378	1.656043	8.738107	6.058000
1379	1.616760	8.777390	6.058000
1380	1.579036	8.815114	6.058000
1381	1.542909	8.851241	6.058000
1382	1.508414	8.885736	6.058000
1383	1.475586	8.918564	6.058000
1384	1.444456	8.949694	6.058000
1385	1.415057	8.979093	6.058000
1386	1.387416	9.006734	6.058000
1387	1.361561	9.032589	6.058000
1388	1.337517	9.056633	6.058000
1389	1.315308	9.078842	6.058000
1390	1.294957	9.099193	6.058000
1391	1.276483	9.117667	6.058000
1392	1.259904	9.134246	6.058000
1393	1.245237	9.148913	6.058000
1394	1.232496	9.161654	6.058000
1395	1.221693	9.172457	6.058000
1396	1.212841	9.181309	6.058000
1397	1.205946	9.188204	6.058000
1398	1.201017	9.193133	6.058000
1399	1.198057	9.196093	6.058000
1400	1.197564	9.196586	6.058000
1401	1.199537	9.194613	6.058000
1402	1.205456	9.188694	6.058000
1403	1.215314	9.178836	6.058000
1404	1.229101	9.165049	6.058000
1405	1.246804	9.147346	6.058000
1406	1.268406	9.125744	6.058000
1407	1.293885	9.100265	6.058000
1408	1.323215	9.070935	6.058000
1409	1.356369	9.037781	6.058000
1410	1.393313	9.000837	6.058000
1411	1.434011	8.960139	6.058000
1412	1.478423	8.915727	6.058000
1413	1.526504	8.867646	6.058000
1414	1.578208	8.815942	6.058000
1415	1.633483	8.760667	6.058000
1416	1.692275	8.701875	6.058000
1417	1.754526	8.639624	6.058000
1418	1.820174	8.573976	6.058000
1419	1.889155	8.504995	6.058000
1420	1.961400	8.432750	6.058000
1421	2.036839	8.357311	6.058000
1422	2.115396	8.278754	6.058000
1423	2.196994	8.197156	6.058000
1424	2.281554	8.112596	6.058000
1425	2.368990	8.025160	6.058000
1426	2.459217	7.934933	6.058000
1427	2.552147	7.842003	6.058000
1428	2.647686	7.746464	6.058000
1429	2.745741	7.648409	6.058000
1430	2.846216	7.547934	6.058000
1431	2.949010	7.445140	6.058000
1432	3.054023	7.340127	6.058000
1433	3.161151	7.232999	6.058000
1434	3.270288	7.123862	6.058000
1435	3.381326	7.012824	6.058000
1436	3.494157	6.899993	6.058000
1437	3.608667	6.785483	6.058000
1438	3.724745	6.669405	6.058000
1439	3.842276	6.551874	6.058000
1440	3.961144	6.433006	6.058000
1441	4.081231	6.312919	6.058000
1442	4.202419	6.191731	6.058000
1443	4.324587	6.069563	6.058000
1444	4.447616	5.946534	6.058000
1445	4.571383	5.822767	6.058000
1446	4.695765	5.698385	6.058000
1447	4.820637	5.573513	6.058000
1448	4.945867	5.448283	6.058000
1449	5.071293	5.322857	6.058000
1450	5.190851	5.203299	6.058000
1451	5.071293	5.322857	6.058000
1452	4.945867	5.448283	6.058000
1453	4.820637	5.573513	6.058000
1454	4.695765	5.698385	6.058000
1455	4.571383	5.822767	6.058000
1456	4.447616	5.946534	6.058000
1457	4.324587	6.069563	6.058000
1458	4.202419	6.191731	6.058000
1459	4.081231	6.312919	6.058000
1460	3.961144	6.433006	6.058000
1461	3.842276	6.551874	6.058000
1462	3.724745	6.669405	6.058000
1463	3.608667	6.785483	6.058000
1464	3.494157	6.899993	6.058000
1465	3.381326	7.012824	6.058000
1466	3.270288	7.123862	6.058000
1467	3.161151	7.232999	6.058000
1468	3.054023	7.340127	6.058000
1469	2.949010	7.445140	6.058000
1470	2.846216	7.547934	6.058000
1471	2.745741	7.648409	6.058000
1472	2.647686	7.746464	6.058000
1473	2.552147	7.842003	6.058000
1474	2.459217	7.934933	6.058000
1475	2.368990	8.025160	6.058000
1476	2.281554	8.112596	6.058000
1477	2.196994	8.197156	6.058000
1478	2.115396	8.278754	6.058000
1479	2.036839	8.357311	6.058000
1480	1.961400	8.432750	6.058000
1481	1.889155	8.504995	6.058000
1482	1.820174	8.573976	6.058000
1483	1.754526	8.639624	6.058000
1484	1.692275	8.701875	6.058000
1485	1.633483	8.760667	6.058000
1486	1.578208	8.815942	6.058000
1487	1.526504	8.867646	6.058000
1488	1.478423	8.915727	6.058000
1489	1.434011	8.960139	6.058000
1490	1.393313	9.000837	6.058000
1491	1.356369	9.037781	6.058000
1492	1.323215	9.070935	6.058000
1493	1.293885	9.100265	6.058000
1494	1.268406	9.125744	6.058000
1495	1.246804	9.147346	6.058000
1496	1.229101	9.165049	6.058000
1497	1.215314	9.178836	6.058000
1498	1.205456	9.188694	6.058000
1499	1.199537	9.194613	6.058000
