path	energy1	energy2	mu
0	-0.791486	16.834486	12.590000
1	-0.791038	16.834038	12.590000
2	-0.789695	16.832695	12.590000
3	-0.787461	16.830461	12.590000
4	-0.784339	16.827339	12.590000
5	-0.780337	16.823337	12.590000
6	-0.775464	16.818464	12.590000
7	-0.769729	16.812729	12.590000
8	-0.763146	16.806146	12.590000
9	-0.755728	16.798728	12.590000
10	-0.747491	16.790491	12.590000
11	-0.738454	16.781454	12.590000
12	-0.728635	16.771635	12.590000
13	-0.718057	16.761057	12.590000
14	-0.706741	16.749741	12.590000
15	-0.694711	16.737711	12.590000
16	-0.681995	16.724995	12.590000
17	-0.668619	16.711619	12.590000
18	-0.654611	16.697611	12.590000
19	-0.640002	16.683002	12.590000
20	-0.624822	16.667822	12.590000
21	-0.609105	16.652105	12.590000
22	-0.592883	16.635883	12.590000
23	-0.576190	16.619190	12.590000
24	-0.559062	16.602062	12.590000
25	-0.541535	16.584535	12.590000
26	-0.523646	16.566646	12.590000
27	-0.505431	16.548431	12.590000
28	-0.486928	16.529928	12.590000
29	-0.468176	16.511176	12.590000
30	-0.449212	16.492212	12.590000
31	-0.430076	16.473076	12.590000
32	-0.410805	16.453805	12.590000
33	-0.391439	16.434439	12.590000
34	-0.372015	16.415015	12.590000
35	-0.352571	16.395571	12.590000
36	-0.333146	16.376146	12.590000
37	-0.313775	16.356775	12.590000
38	-0.294495	16.337495	12.590000
39	-0.275343	16.318343	12.590000
40	-0.256351	16.299351	12.590000
41	-0.237555	16.280555	12.590000
42	-0.218987	16.261987	12.590000
43	-0.200678	16.243678	12.590000
44	-0.182658	16.225658	12.590000
45	-0.164957	16.207957	12.590000
46	-0.147601	16.190601	12.590000
47	-0.130617	16.173617	12.590000
48	-0.114028	16.157028	12.590000
49	-0.097857	16.140857	12.590000
50	-0.082124	16.125124	12.590000
51	-0.066848	16.109848	12.590000
52	-0.052047	16.095047	12.590000
53	-0.037736	16.080736	12.590000
54	-0.023926	16.066926	12.590000
55	-0.010631	16.053631	12.590000
56	0.002141	16.040859	12.590000
57	0.014383	16.028617	12.590000
58	0.026090	16.016910	12.590000
59	0.037257	16.005743	12.590000
60	0.047884	15.995116	12.590000
61	0.057971	15.985029	12.590000
62	0.067521	15.975479	12.590000
63	0.076537	15.966463	12.590000
64	0.085025	15.957975	12.590000
65	0.092993	15.950007	12.590000
66	0.100450	15.942550	12.590000
67	0.107406	15.935594	12.590000
68	0.113874	15.929126	12.590000
69	0.119867	15.923133	12.590000
70	0.125400	15.917600	12.590000
71	0.130487	15.912513	12.590000
72	0.135147	15.907853	12.590000
73	0.139396	15.903604	12.590000
74	0.143254	15.899746	12.590000
75	0.146739	15.896261	12.590000
76	0.149870	15.893130	12.590000
77	0.152669	15.890331	12.590000
78	0.155156	15.887844	12.590000
79	0.157350	15.885650	12.590000
80	0.159273	15.883727	12.590000
81	0.160945	15.882055	12.590000
82	0.162387	15.880613	12.590000
83	0.163619	15.879381	12.590000
84	0.164661	15.878339	12.590000
85	0.165532	15.877468	12.590000
86	0.166250	15.876750	12.590000
87	0.166834	15.876166	12.590000
88	0.167301	15.875699	12.590000
89	0.167667	15.875333	12.590000
90	0.167947	15.875053	12.590000
91	0.168155	15.874845	12.590000
92	0.168305	15.874695	12.590000
93	0.168409	15.874591	12.590000
94	0.168477	15.874523	12.590000
95	0.168518	15.874482	12.590000
96	0.168541	15.874459	12.590000
97	0.168552	15.874448	12.590000
98	0.168556	15.874444	12.590000
99	0.168557	15.874443	12.590000
100	0.168557	15.874443	12.590000
101	0.168557	15.874443	12.590000
102	0.168556	15.874444	12.590000
103	0.168552	15.874448	12.590000
104	0.168541	15.874459	12.590000
105	0.168518	15.874482	12.590000
106	0.168477	15.874523	12.590000
107	0.168409	15.874591	12.590000
108	0.168305	15.874695	12.590000
109	0.168155	15.874845	12.590000
110	0.167947	15.875053	12.590000
111	0.167667	15.875333	12.590000
112	0.167301	15.875699	12.590000
113	0.166834	15.876166	12.590000
114	0.166250	15.876750	12.590000
115	0.165532	15.877468	12.590000
116	0.164661	15.878339	12.590000
117	0.163619	15.879381	12.590000
118	0.162387	15.880613	12.590000
119	0.160945	15.882055	12.590000
120	0.159273	15.883727	12.590000
121	0.157350	15.885650	12.590000
122	0.155156	15.887844	12.590000
123	0.152669	15.890331	12.590000
124	0.149870	15.893130	12.590000
125	0.146739	15.896261	12.590000
126	0.143254	15.899746	12.590000
127	0.139396	15.903604	12.590000
128	0.135147	15.907853	12.590000
129	0.130487	15.912513	12.590000
130	0.125400	15.917600	12.590000
131	0.119867	15.923133	12.590000
132	0.113874	15.929126	12.590000
133	0.107406	15.935594	12.590000
134	0.100450	15.942550	12.590000
135	0.092993	15.950007	12.590000
136	0.085025	15.957975	12.590000
137	0.076537	15.966463	12.590000
138	0.067521	15.975479	12.590000
139	0.057971	15.985029	12.590000
140	0.047884	15.995116	12.590000
141	0.037257	16.005743	12.590000
142	0.026090	16.016910	12.590000
143	0.014383	16.028617	12.590000
144	0.002141	16.040859	12.590000
145	-0.010631	16.053631	12.590000
146	-0.023926	16.066926	12.590000
147	-0.037736	16.080736	12.590000
148	-0.052047	16.095047	12.590000
149	-0.066848	16.109848	12.590000
150	-0.082124	16.125124	12.590000
151	-0.097857	16.140857	12.590000
152	-0.114028	16.157028	12.590000
153	-0.130617	16.173617	12.590000
154	-0.147601	16.190601	12.590000
155	-0.164957	16.207957	12.590000
156	-0.182658	16.225658	12.590000
157	-0.200678	16.243678	12.590000
158	-0.218987	16.261987	12.590000
159	-0.237555	16.280555	12.590000
160	-0.256351	16.299351	12.590000
161	-0.275343	16.318343	12.590000
162	-0.294495	16.337495	12.590000
163	-0.313775	16.356775	12.590000
164	-0.333146	16.376146	12.590000
165	-0.352571	16.395571	12.590000
166	-0.372015	16.415015	12.590000
167	-0.391439	16.434439	12.590000
168	-0.410805	16.453805	12.590000
169	-0.430076	16.473076	12.590000
170	-0.449212	16.492212	12.590000
171	-0.468176	16.511176	12.590000
172	-0.486928	16.529928	12.590000
173	-0.505431	16.548431	12.590000
174	-0.523646	16.566646	12.590000
175	-0.541535	16.584535	12.590000
176	-0.559062	16.602062	12.590000
177	-0.576190	16.619190	12.590000
178	-0.592883	16.635883	12.590000
179	-0.609105	16.652105	12.590000
180	-0.624822	16.667822	12.590000
181	-0.640002	16.683002	12.590000
182	-0.654611	16.697611	12.590000
183	-0.668619	16.711619	12.590000
184	-0.681995	16.724995	12.590000
185	-0.694711	16.737711	12.590000
186	-0.706741	16.749741	12.590000
187	-0.718057	16.761057	12.590000
188	-0.728635	16.771635	12.590000
189	-0.738454	16.781454	12.590000
190	-0.747491	16.790491	12.590000
191	-0.755728	16.798728	12.590000
192	-0.763146	16.806146	12.590000
193	-0.769729	16.812729	12.590000
194	-0.775464	16.818464	12.590000
195	-0.780337	16.823337	12.590000
196	-0.784339	16.827339	12.590000
197	-0.787461	16.830461	12.590000
198	-0.789695	16.832695	12.590000
199	-0.791038	16.834038	12.590000
200	-0.791262	16.834262	12.590000
201	-0.790366	16.833366	12.590000
202	-0.787683	16.830683	12.590000
203	-0.783221	16.826221	12.590000
204	-0.776994	16.819994	12.590000
205	-0.769024	16.812024	12.590000
206	-0.759338	16.802338	12.590000
207	-0.747968	16.790968	12.590000
208	-0.734953	16.777953	12.590000
209	-0.720336	16.763336	12.590000
210	-0.704168	16.747168	12.590000
211	-0.686504	16.729504	12.590000
212	-0.667404	16.710404	12.590000
213	-0.646935	16.689935	12.590000
214	-0.625169	16.668169	12.590000
215	-0.602181	16.645181	12.590000
216	-0.578052	16.621052	12.590000
217	-0.552870	16.595870	12.590000
218	-0.526724	16.569724	12.590000
219	-0.499710	16.542710	12.590000
220	-0.471925	16.514925	12.590000
221	-0.443473	16.486473	12.590000
222	-0.414460	16.457460	12.590000
223	-0.384995	16.427995	12.590000
224	-0.355191	16.398191	12.590000
225	-0.325161	16.368161	12.590000
226	-0.295022	16.338022	12.590000
227	-0.264894	16.307894	12.590000
228	-0.234895	16.277895	12.590000
229	-0.205147	16.248147	12.590000
230	-0.175769	16.218769	12.590000
231	-0.146883	16.189883	12.590000
232	-0.118608	16.161608	12.590000
233	-0.091062	16.134062	12.590000
234	-0.064364	16.107364	12.590000
235	-0.038626	16.081626	12.590000
236	-0.013960	16.056960	12.590000
237	0.009526	16.033474	12.590000
238	0.031729	16.011271	12.590000
239	0.052550	15.990450	12.590000
240	0.071896	15.971104	12.590000
241	0.089679	15.953321	12.590000
242	0.105818	15.937182	12.590000
243	0.120240	15.922760	12.590000
244	0.132877	15.910123	12.590000
245	0.143672	15.899328	12.590000
246	0.152574	15.890426	12.590000
247	0.159542	15.883458	12.590000
248	0.164542	15.878458	12.590000
249	0.167552	15.875448	12.590000
250	0.168557	15.874443	12.590000
251	0.167552	15.875448	12.590000
252	0.164542	15.878458	12.590000
253	0.159542	15.883458	12.590000
254	0.152574	15.890426	12.590000
255	0.143672	15.899328	12.590000
256	0.132877	15.910123	12.590000
257	0.120240	15.922760	12.590000
258	0.105818	15.937182	12.590000
259	0.089679	15.953321	12.590000
260	0.071896	15.971104	12.590000
261	0.052550	15.990450	12.590000
262	0.031729	16.011271	12.590000
263	0.009526	16.033474	12.590000
264	-0.013960	16.056960	12.590000
265	-0.038626	16.081626	12.590000
266	-0.064364	16.107364	12.590000
267	-0.091062	16.134062	12.590000
268	-0.118608	16.161608	12.590000
269	-0.146883	16.189883	12.590000
270	-0.175769	16.218769	12.590000
271	-0.205147	16.248147	12.590000
272	-0.234895	16.277895	12.590000
273	-0.264894	16.307894	12.590000
274	-0.295022	16.338022	12.590000
275	-0.325161	16.368161	12.590000
276	-0.355191	16.398191	12.590000
277	-0.384995	16.427995	12.590000
278	-0.414460	16.457460	12.590000
279	-0.443473	16.486473	12.590000
280	-0.471925	16.514925	12.590000
281	-0.499710	16.542710	12.590000
282	-0.526724	16.569724	12.590000
283	-0.552870	16.595870	12.590000
284	-0.578052	16.621052	12.590000
285	-0.602181	16.645181	12.590000
286	-0.625169	16.668169	12.590000
287	-0.646935	16.689935	12.590000
288	-0.667404	16.710404	12.590000
289	-0.686504	16.729504	12.590000
290	-0.704168	16.747168	12.590000
291	-0.720336	16.763336	12.590000
292	-0.734953	16.777953	12.590000
293	-0.747968	16.790968	12.590000
294	-0.759338	16.802338	12.590000
295	-0.769024	16.812024	12.590000
296	-0.776994	16.819994	12.590000
297	-0.783221	16.826221	12.590000
298	-0.787683	16.830683	12.590000
299	-0.790366	16.833366	12.590000
