path	fm energy1	fm energy2	fm_ energy1	fm_ energy2	afm energy1	afm energy2
0	6.219757	-1.780243	8.098785	0.098785	-1.257467	7.576010
1	6.219155	-1.779641	8.098183	0.099388	-1.256922	7.575464
2	6.217348	-1.777834	8.096376	0.101194	-1.255285	7.573828
3	6.214338	-1.774824	8.093366	0.104204	-1.252560	7.571102
4	6.210127	-1.770612	8.089155	0.108416	-1.248747	7.567290
5	6.204716	-1.765202	8.083744	0.113826	-1.243850	7.562392
6	6.198110	-1.758596	8.077138	0.120432	-1.237872	7.556415
7	6.190312	-1.750798	8.069341	0.128230	-1.230818	7.549361
8	6.181328	-1.741813	8.060356	0.137215	-1.222694	7.541236
9	6.171161	-1.731647	8.050190	0.147381	-1.213505	7.532048
10	6.159820	-1.720305	8.038848	0.158723	-1.203259	7.521801
11	6.147309	-1.707795	8.026338	0.171233	-1.191963	7.510506
12	6.133638	-1.694124	8.012666	0.184905	-1.179627	7.498170
13	6.118813	-1.679299	7.997842	0.199729	-1.166260	7.484802
14	6.102845	-1.663331	7.981874	0.215697	-1.151871	7.470414
15	6.085743	-1.646229	7.964771	0.232800	-1.136473	7.455016
16	6.067516	-1.628002	7.946544	0.251026	-1.120078	7.438620
17	6.048177	-1.608662	7.927205	0.270366	-1.102697	7.421239
18	6.027736	-1.588222	7.906764	0.290807	-1.084345	7.402887
19	6.006206	-1.566692	7.885234	0.312337	-1.065036	7.383578
20	5.983600	-1.544085	7.862628	0.334943	-1.044785	7.363327
21	5.959931	-1.520417	7.838959	0.358611	-1.023608	7.342150
22	5.935214	-1.495700	7.814243	0.383328	-1.001522	7.320064
23	5.909464	-1.469950	7.788493	0.409078	-0.978544	7.297087
24	5.882696	-1.443182	7.761725	0.435846	-0.954693	7.273235
25	5.854927	-1.415413	7.733955	0.463616	-0.929987	7.248530
26	5.826172	-1.386658	7.705200	0.492370	-0.904447	7.222990
27	5.796450	-1.356936	7.675478	0.522093	-0.878093	7.196635
28	5.765778	-1.326264	7.644806	0.552764	-0.850946	7.169488
29	5.734175	-1.294661	7.613203	0.584368	-0.823028	7.141571
30	5.701659	-1.262145	7.580688	0.616883	-0.794363	7.112905
31	5.668251	-1.228737	7.547280	0.650291	-0.764973	7.083515
32	5.633971	-1.194456	7.512999	0.684572	-0.734882	7.053425
33	5.598838	-1.159324	7.477866	0.719704	-0.704117	7.022659
34	5.562875	-1.123361	7.441903	0.755667	-0.672701	6.991244
35	5.526103	-1.086589	7.405131	0.792440	-0.640663	6.959205
36	5.488544	-1.049029	7.367572	0.829999	-0.608028	6.926570
37	5.450220	-1.010706	7.329249	0.868322	-0.574824	6.893367
38	5.411156	-0.971642	7.290184	0.907387	-0.541080	6.859623
39	5.371373	-0.931859	7.250402	0.947169	-0.506825	6.825368
40	5.330898	-0.891383	7.209926	0.987645	-0.472088	6.790631
41	5.289752	-0.850238	7.168781	1.028790	-0.436900	6.755443
42	5.247963	-0.808448	7.126991	1.070580	-0.401291	6.719834
43	5.205553	-0.766039	7.084582	1.112989	-0.365294	6.683836
44	5.162551	-0.723036	7.041579	1.155992	-0.328939	6.647481
45	5.118980	-0.679466	6.998008	1.199563	-0.292260	6.610803
46	5.074867	-0.635353	6.953896	1.243675	-0.255290	6.573833
47	5.030240	-0.590726	6.909268	1.288303	-0.218063	6.536606
48	4.985124	-0.545610	6.864152	1.333419	-0.180614	6.499156
49	4.939547	-0.500033	6.818575	1.378995	-0.142976	6.461518
50	4.893537	-0.454023	6.772565	1.425006	-0.105185	6.423728
51	4.847121	-0.407606	6.726149	1.471422	-0.067277	6.385820
52	4.800326	-0.360812	6.679355	1.518216	-0.029289	6.347831
53	4.753183	-0.313668	6.632211	1.565360	0.008744	6.309799
54	4.705717	-0.266203	6.584746	1.612825	0.046784	6.271758
55	4.657960	-0.218445	6.536988	1.660583	0.084794	6.233748
56	4.609938	-0.170424	6.488966	1.708605	0.122737	6.195806
57	4.561681	-0.122167	6.440709	1.756862	0.160574	6.157968
58	4.513218	-0.073704	6.392246	1.805324	0.198268	6.120275
59	4.464578	-0.025064	6.343607	1.853964	0.235780	6.082762
60	4.415791	0.023723	6.294820	1.902751	0.273072	6.045470
61	4.366886	0.072628	6.245915	1.951656	0.310106	6.008436
62	4.317892	0.121622	6.196921	2.000650	0.346844	5.971699
63	4.268840	0.170675	6.147868	2.049703	0.383246	5.935296
64	4.219757	0.219757	6.098785	2.098785	0.419275	5.899267
65	4.170675	0.268840	6.049703	2.147868	0.454894	5.863649
66	4.121622	0.317892	6.000650	2.196921	0.490064	5.828478
67	4.072628	0.366886	5.951656	2.245915	0.524749	5.793794
68	4.023723	0.415791	5.902751	2.294820	0.558912	5.759631
69	3.974936	0.464578	5.853964	2.343607	0.592517	5.726026
70	3.926296	0.513218	5.805324	2.392246	0.625528	5.693014
71	3.877833	0.561681	5.756862	2.440709	0.657913	5.660630
72	3.829576	0.609938	5.708605	2.488966	0.689637	5.628906
73	3.781555	0.657960	5.660583	2.536988	0.720667	5.597875
74	3.733797	0.705717	5.612825	2.584746	0.750974	5.567568
75	3.686332	0.753183	5.565360	2.632211	0.780528	5.538014
76	3.639188	0.800326	5.518216	2.679355	0.809301	5.509242
77	3.592394	0.847121	5.471422	2.726149	0.837266	5.481276
78	3.545977	0.893537	5.425006	2.772565	0.864399	5.454143
79	3.499967	0.939547	5.378995	2.818575	0.890678	5.427864
80	3.454390	0.985124	5.333419	2.864152	0.916082	5.402460
81	3.409274	1.030240	5.288303	2.909268	0.940594	5.377949
82	3.364647	1.074867	5.243675	2.953896	0.964197	5.354345
83	3.320534	1.118980	5.199563	2.998008	0.986879	5.331663
84	3.276964	1.162551	5.155992	3.041579	1.008629	5.309914
85	3.233961	1.205553	5.112989	3.084582	1.029439	5.289104
86	3.191552	1.247963	5.070580	3.126991	1.049304	5.269238
87	3.149762	1.289752	5.028790	3.168781	1.068222	5.250320
88	3.108617	1.330898	4.987645	3.209926	1.086194	5.232348
89	3.068141	1.371373	4.947169	3.250402	1.103224	5.215319
90	3.028358	1.411156	4.907387	3.290184	1.119317	5.199226
91	2.989294	1.450220	4.868322	3.329249	1.134484	5.184059
92	2.950971	1.488544	4.829999	3.367572	1.148736	5.169806
93	2.913411	1.526103	4.792440	3.405131	1.162090	5.156453
94	2.876639	1.562875	4.755667	3.441903	1.174562	5.143981
95	2.840676	1.598838	4.719704	3.477866	1.186173	5.132370
96	2.805544	1.633971	4.684572	3.512999	1.196945	5.121597
97	2.771263	1.668251	4.650291	3.547280	1.206904	5.111638
98	2.737855	1.701659	4.616883	3.580688	1.216077	5.102465
99	2.705339	1.734175	4.584368	3.613203	1.224493	5.094050
100	2.673736	1.765778	4.552764	3.644806	1.232182	5.086361
101	2.643064	1.796450	4.522093	3.675478	1.239176	5.079367
102	2.613342	1.826172	4.492370	3.705200	1.245509	5.073034
103	2.584587	1.854927	4.463616	3.733955	1.251215	5.067327
104	2.556818	1.882696	4.435846	3.761725	1.256330	5.062213
105	2.530050	1.909464	4.409078	3.788493	1.260888	5.057654
106	2.504300	1.935214	4.383328	3.814243	1.264927	5.053616
107	2.479583	1.959931	4.358611	3.838959	1.268481	5.050061
108	2.455915	1.983600	4.334943	3.862628	1.271588	5.046954
109	2.433308	2.006206	4.312337	3.885234	1.274283	5.044260
110	2.411778	2.027736	4.290807	3.906764	1.276600	5.041942
111	2.391338	2.048177	4.270366	3.927205	1.278575	5.039967
112	2.371998	2.067516	4.251026	3.946544	1.280241	5.038301
113	2.353771	2.085743	4.232800	3.964771	1.281630	5.036913
114	2.336669	2.102845	4.215697	3.981874	1.282773	5.035769
115	2.320701	2.118813	4.199729	3.997842	1.283700	5.034842
116	2.305876	2.133638	4.184905	4.012666	1.284440	5.034103
117	2.292205	2.147309	4.171233	4.026338	1.285018	5.033525
118	2.279695	2.159820	4.158723	4.038848	1.285460	5.033083
119	2.268353	2.171161	4.147381	4.050190	1.285788	5.032754
120	2.258187	2.181328	4.137215	4.060356	1.286024	5.032518
121	2.249202	2.190312	4.128230	4.069341	1.286187	5.032355
122	2.241404	2.198110	4.120432	4.077138	1.286293	5.032249
123	2.234798	2.204716	4.113826	4.083744	1.286358	5.032184
124	2.229388	2.210127	4.108416	4.089155	1.286394	5.032149
125	2.225176	2.214338	4.104204	4.093366	1.286411	5.032132
126	2.222166	2.217348	4.101194	4.096376	1.286417	5.032125
127	2.220359	2.219155	4.099388	4.098183	1.286418	5.032124
128	2.219757	2.219757	4.098785	4.098785	1.286419	5.032124
129	2.219155	2.220359	4.098183	4.099388	1.286418	5.032124
130	2.222166	2.217348	4.096376	4.101194	1.286417	5.032125
131	2.225176	2.214338	4.093366	4.104204	1.286411	5.032132
132	2.229388	2.210127	4.108416	4.089155	1.286394	5.032149
133	2.204716	2.234798	4.083744	4.113826	1.286358	5.032184
134	2.241404	2.198110	4.077138	4.120432	1.286293	5.032249
135	2.190312	2.249202	4.069341	4.128230	1.286187	5.032355
136	2.258187	2.181328	4.137215	4.060356	1.286024	5.032518
137	2.268353	2.171161	4.147381	4.050190	1.285788	5.032754
138	2.159820	2.279695	4.158723	4.038848	1.285460	5.033083
139	2.292205	2.147309	4.171233	4.026338	1.285018	5.033525
140	2.133638	2.305876	4.012666	4.184905	1.284440	5.034103
141	2.320701	2.118813	4.199729	3.997842	1.283700	5.034842
142	2.336669	2.102845	4.215697	3.981874	1.282773	5.035769
143	2.353771	2.085743	4.232800	3.964771	1.281630	5.036913
144	2.371998	2.067516	3.946544	4.251026	1.280241	5.038301
145	2.048177	2.391338	3.927205	4.270366	1.278575	5.039967
146	2.411778	2.027736	3.906764	4.290807	1.276600	5.041942
147	2.433308	2.006206	4.312337	3.885234	1.274283	5.044260
148	1.983600	2.455915	3.862628	4.334943	1.271588	5.046954
149	2.479583	1.959931	4.358611	3.838959	1.268481	5.050061
150	1.935214	2.504300	3.814243	4.383328	1.264927	5.053616
151	2.530050	1.909464	4.409078	3.788493	1.260888	5.057654
152	2.556818	1.882696	4.435846	3.761725	1.256330	5.062213
153	1.854927	2.584587	3.733955	4.463616	1.251215	5.067327
154	1.826172	2.613342	3.705200	4.492370	1.245509	5.073034
155	1.796450	2.643064	3.675478	4.522093	1.239176	5.079367
156	1.765778	2.673736	3.644806	4.552764	1.232182	5.086361
157	2.705339	1.734175	4.584368	3.613203	1.224493	5.094050
158	2.737855	1.701659	4.616883	3.580688	1.216077	5.102465
159	2.771263	1.668251	4.650291	3.547280	1.206904	5.111638
160	2.805544	1.633971	4.684572	3.512999	1.196945	5.121597
161	1.598838	2.840676	4.719704	3.477866	1.186173	5.132370
162	1.562875	2.876639	4.755667	3.441903	1.174562	5.143981
163	1.526103	2.913411	3.405131	4.792440	1.162090	5.156453
164	1.488544	2.950971	3.367572	4.829999	1.148736	5.169806
165	2.989294	1.450220	4.868322	3.329249	1.134484	5.184059
166	1.411156	3.028358	4.907387	3.290184	1.119317	5.199226
167	1.371373	3.068141	3.250402	4.947169	1.103224	5.215319
168	3.108617	1.330898	4.987645	3.209926	1.086194	5.232348
169	1.289752	3.149762	3.168781	5.028790	1.068222	5.250320
170	3.191552	1.247963	5.070580	3.126991	1.049304	5.269238
171	3.233961	1.205553	3.084582	5.112989	1.029439	5.289104
172	3.276964	1.162551	5.155992	3.041579	1.008629	5.309914
173	3.320534	1.118980	5.199563	2.998008	0.986879	5.331663
174	1.074867	3.364647	5.243675	2.953896	0.964197	5.354345
175	3.409274	1.030240	5.288303	2.909268	0.940594	5.377949
176	3.454390	0.985124	5.333419	2.864152	0.916082	5.402460
177	0.939547	3.499967	2.818575	5.378995	0.890678	5.427864
178	0.893537	3.545977	2.772565	5.425006	0.864399	5.454143
179	3.592394	0.847121	5.471422	2.726149	0.837266	5.481276
180	3.639188	0.800326	5.518216	2.679355	0.809301	5.509242
181	3.686332	0.753183	5.565360	2.632211	0.780528	5.538014
182	3.733797	0.705717	5.612825	2.584746	0.750974	5.567568
183	0.657960	3.781555	5.660583	2.536988	0.720667	5.597875
184	3.829576	0.609938	5.708605	2.488966	0.689637	5.628906
185	3.877833	0.561681	5.756862	2.440709	0.657913	5.660630
186	3.926296	0.513218	5.805324	2.392246	0.625528	5.693014
187	0.464578	3.974936	5.853964	2.343607	0.592517	5.726026
188	4.023723	0.415791	2.294820	5.902751	0.558912	5.759631
189	0.366886	4.072628	2.245915	5.951656	0.524749	5.793794
190	0.317892	4.121622	2.196921	6.000650	0.490064	5.828478
191	4.170675	0.268840	2.147868	6.049703	0.454894	5.863649
192	4.219757	0.219757	6.098785	2.098785	0.419275	5.899267
193	4.268840	0.170675	6.147868	2.049703	0.383246	5.935296
194	4.317892	0.121622	6.196921	2.000650	0.346844	5.971699
195	0.072628	4.366886	6.245915	1.951656	0.310106	6.008436
196	4.415791	0.023723	1.902751	6.294820	0.273072	6.045470
197	-0.025064	4.464578	6.343607	1.853964	0.235780	6.082762
198	4.513218	-0.073704	6.392246	1.805324	0.198268	6.120275
199	4.561681	-0.122167	6.440709	1.756862	0.160574	6.157968
200	4.609938	-0.170424	6.488966	1.708605	0.122737	6.195806
201	-0.218445	4.657960	1.660583	6.536988	0.084794	6.233748
202	-0.266203	4.705717	1.612825	6.584746	0.046784	6.271758
203	-0.313668	4.753183	6.632211	1.565360	0.008744	6.309799
204	4.800326	-0.360812	6.679355	1.518216	-0.029289	6.347831
205	-0.407606	4.847121	1.471422	6.726149	-0.067277	6.385820
206	-0.454023	4.893537	6.772565	1.425006	-0.105185	6.423728
207	4.939547	-0.500033	1.378995	6.818575	-0.142976	6.461518
208	-0.545610	4.985124	6.864152	1.333419	-0.180614	6.499156
209	5.030240	-0.590726	6.909268	1.288303	-0.218063	6.536606
210	5.074867	-0.635353	6.953896	1.243675	-0.255290	6.573833
211	-0.679466	5.118980	1.199563	6.998008	-0.292260	6.610803
212	-0.723036	5.162551	1.155992	7.041579	-0.328939	6.647481
213	5.205553	-0.766039	1.112989	7.084582	-0.365294	6.683836
214	5.247963	-0.808448	7.126991	1.070580	-0.401291	6.719834
215	5.289752	-0.850238	7.168781	1.028790	-0.436900	6.755443
216	5.330898	-0.891383	7.209926	0.987645	-0.472088	6.790631
217	-0.931859	5.371373	0.947169	7.250402	-0.506825	6.825368
218	5.411156	-0.971642	7.290184	0.907387	-0.541080	6.859623
219	-1.010706	5.450220	0.868322	7.329249	-0.574824	6.893367
220	-1.049029	5.488544	0.829999	7.367572	-0.608028	6.926570
221	-1.086589	5.526103	7.405131	0.792440	-0.640663	6.959205
222	5.562875	-1.123361	0.755667	7.441903	-0.672701	6.991244
223	-1.159324	5.598838	7.477866	0.719704	-0.704117	7.022659
224	-1.194456	5.633971	7.512999	0.684572	-0.734882	7.053425
225	5.668251	-1.228737	7.547280	0.650291	-0.764973	7.083515
226	-1.262145	5.701659	0.616883	7.580688	-0.794363	7.112905
227	-1.294661	5.734175	0.584368	7.613203	-0.823028	7.141571
228	5.765778	-1.326264	7.644806	0.552764	-0.850946	7.169488
229	5.796450	-1.356936	0.522093	7.675478	-0.878093	7.196635
230	5.826172	-1.386658	7.705200	0.492370	-0.904447	7.222990
231	-1.415413	5.854927	0.463616	7.733955	-0.929987	7.248530
232	5.882696	-1.443182	7.761725	0.435846	-0.954693	7.273235
233	-1.469950	5.909464	0.409078	7.788493	-0.978544	7.297087
234	5.935214	-1.495700	7.814243	0.383328	-1.001522	7.320064
235	5.959931	-1.520417	7.838959	0.358611	-1.023608	7.342150
236	5.983600	-1.544085	7.862628	0.334943	-1.044785	7.363327
237	-1.566692	6.006206	0.312337	7.885234	-1.065036	7.383578
238	-1.588222	6.027736	0.290807	7.906764	-1.084345	7.402887
239	6.048177	-1.608662	7.927205	0.270366	-1.102697	7.421239
240	6.067516	-1.628002	7.946544	0.251026	-1.120078	7.438620
241	6.085743	-1.646229	7.964771	0.232800	-1.136473	7.455016
242	-1.663331	6.102845	0.215697	7.981874	-1.151871	7.470414
243	6.118813	-1.679299	7.997842	0.199729	-1.166260	7.484802
244	6.133638	-1.694124	8.012666	0.184905	-1.179627	7.498170
245	-1.707795	6.147309	0.171233	8.026338	-1.191963	7.510506
246	6.159820	-1.720305	0.158723	8.038848	-1.203259	7.521801
247	-1.731647	6.171161	0.147381	8.050190	-1.213505	7.532048
248	-1.741813	6.181328	8.060356	0.137215	-1.222694	7.541236
249	-1.750798	6.190312	0.128230	8.069341	-1.230818	7.549361
250	-1.758596	6.198110	0.120432	8.077138	-1.237872	7.556415
251	6.204716	-1.765202	8.083744	0.113826	-1.243850	7.562392
252	-1.770612	6.210127	8.089155	0.108416	-1.248747	7.567290
253	-1.774824	6.214338	8.093366	0.104204	-1.252560	7.571102
254	-1.777834	6.217348	8.096376	0.101194	-1.255285	7.573828
255	6.219155	-1.779641	8.098183	0.099388	-1.256922	7.575464
256	6.219456	-1.779942	8.098484	0.099087	-1.257194	7.575737
257	-1.778737	6.218251	0.100291	8.097280	-1.256103	7.574646
258	6.214638	-1.775124	8.093666	0.103904	-1.252832	7.571374
259	-1.769104	6.208619	0.109924	8.087647	-1.247382	7.565924
260	6.200196	-1.760682	8.079225	0.118346	-1.239760	7.558302
261	6.189376	-1.749862	0.129166	8.068405	-1.229972	7.548514
262	-1.736651	6.176165	0.142377	8.055194	-1.218027	7.536570
263	-1.721057	6.160571	8.039599	0.157972	-1.203938	7.522480
264	6.142603	-1.703089	8.021631	0.175940	-1.187716	7.506258
265	-1.682758	6.122272	8.001300	0.196271	-1.169377	7.487920
266	-1.660076	6.099590	7.978618	0.218953	-1.148940	7.467482
267	-1.635057	6.074571	0.243971	7.953599	-1.126422	7.444965
268	-1.607716	6.047230	7.926259	0.271312	-1.101847	7.420389
269	6.017584	-1.578070	7.896612	0.300959	-1.075238	7.393780
270	5.985650	-1.546136	7.864678	0.332893	-1.046620	7.365163
271	5.951447	-1.511933	7.830476	0.367095	-1.016024	7.334566
272	-1.475483	5.914997	0.403546	7.794025	-0.983478	7.302021
273	5.876321	-1.436807	0.442222	7.755349	-0.949017	7.267560
274	5.835442	-1.395928	7.714470	0.483101	-0.912676	7.231219
275	5.792385	-1.352871	0.526157	7.671414	-0.874492	7.193035
276	5.747177	-1.307662	7.626205	0.571366	-0.834507	7.153050
277	5.699843	-1.260329	0.618699	7.578871	-0.792763	7.111306
278	-1.210899	5.650413	0.668129	7.529441	-0.749306	7.067849
279	-1.159403	5.598917	0.719626	7.477945	-0.704186	7.022728
280	5.545385	-1.105871	0.773157	7.424413	-0.657452	6.975995
281	5.489850	-1.050336	0.828692	7.368878	-0.609162	6.927704
282	-0.992831	5.432345	0.886197	7.311374	-0.559371	6.877913
283	-0.933391	5.372905	0.945637	7.251934	-0.508142	6.826685
284	5.311566	-0.872052	7.190594	1.006976	-0.455540	6.774082
285	5.248364	-0.808850	7.127393	1.070178	-0.401633	6.720176
286	5.183338	-0.743824	7.062367	1.135204	-0.346494	6.665037
287	5.116527	-0.677013	1.202015	6.995556	-0.290200	6.608743
288	5.047971	-0.608457	6.927000	1.270571	-0.232833	6.551376
289	4.977712	-0.538197	6.856740	1.340831	-0.174479	6.493021
290	4.905791	-0.466276	6.784819	1.412752	-0.115229	6.433772
291	4.832252	-0.392738	1.486291	6.711280	-0.055181	6.373724
292	4.757139	-0.317625	1.561403	6.636167	0.005562	6.312981
293	4.680498	-0.240984	6.559526	1.638044	0.066890	6.251653
294	4.602375	-0.162861	6.481403	1.716168	0.128686	6.189856
295	4.522816	-0.083302	6.401845	1.795726	0.190827	6.127715
296	-0.002357	4.441871	6.320899	1.876672	0.253180	6.065362
297	4.359586	0.079928	6.238615	1.958956	0.315603	6.002939
298	4.276013	0.163501	6.155042	2.042529	0.377947	5.940596
299	4.191201	0.248313	6.070230	2.127341	0.440049	5.878494
300	0.334312	4.105202	2.213340	5.984230	0.501739	5.816804
301	0.421447	4.018067	5.897095	2.300476	0.562832	5.755710
302	0.509665	3.929849	2.388694	5.808877	0.623134	5.695408
303	0.598914	3.840600	2.477942	5.719629	0.682437	5.636106
304	3.750376	0.689139	5.629404	2.568167	0.740517	5.578025
305	0.780285	3.659229	5.538257	2.659314	0.797142	5.521401
306	3.567215	0.872299	2.751327	5.446243	0.852061	5.466482
307	3.474390	0.965125	5.353418	2.844153	0.905013	5.413529
308	3.380808	1.058706	5.259837	2.937734	0.955725	5.362818
309	3.286528	1.152986	5.165556	3.032015	1.003911	5.314631
310	3.191605	1.247910	3.126938	5.070633	1.049280	5.269263
311	1.343418	3.096096	3.222446	4.975124	1.091532	5.227011
312	1.439455	3.000060	3.318483	4.879088	1.130368	5.188175
313	1.535961	2.903553	4.782581	3.414989	1.165492	5.153050
314	2.806635	1.632879	4.685663	3.511908	1.196619	5.121923
315	2.709363	1.730151	3.609180	4.588391	1.223479	5.095063
316	1.827718	2.611796	3.706746	4.490824	1.245826	5.072716
317	2.513993	1.925521	4.393021	3.804549	1.263446	5.055096
318	2.023501	2.416013	3.902529	4.295041	1.276164	5.042379
319	2.121600	2.317915	4.196943	4.000628	1.283848	5.034694
320	2.219757	2.219757	4.098785	4.098785	1.286419	5.032124
321	2.121600	2.317915	4.000628	4.196943	1.283848	5.034694
322	2.023501	2.416013	3.902529	4.295041	1.276164	5.042379
323	2.513993	1.925521	3.804549	4.393021	1.263446	5.055096
324	2.611796	1.827718	3.706746	4.490824	1.245826	5.072716
325	1.730151	2.709363	3.609180	4.588391	1.223479	5.095063
326	2.806635	1.632879	4.685663	3.511908	1.196619	5.121923
327	1.535961	2.903553	3.414989	4.782581	1.165492	5.153050
328	3.000060	1.439455	4.879088	3.318483	1.130368	5.188175
329	3.096096	1.343418	4.975124	3.222446	1.091532	5.227011
330	3.191605	1.247910	5.070633	3.126938	1.049280	5.269263
331	1.152986	3.286528	3.032015	5.165556	1.003911	5.314631
332	3.380808	1.058706	5.259837	2.937734	0.955725	5.362818
333	3.474390	0.965125	5.353418	2.844153	0.905013	5.413529
334	0.872299	3.567215	5.446243	2.751327	0.852061	5.466482
335	3.659229	0.780285	5.538257	2.659314	0.797142	5.521401
336	0.689139	3.750376	2.568167	5.629404	0.740517	5.578025
337	3.840600	0.598914	5.719629	2.477942	0.682437	5.636106
338	3.929849	0.509665	5.808877	2.388694	0.623134	5.695408
339	4.018067	0.421447	5.897095	2.300476	0.562832	5.755710
340	4.105202	0.334312	5.984230	2.213340	0.501739	5.816804
341	4.191201	0.248313	6.070230	2.127341	0.440049	5.878494
342	0.163501	4.276013	2.042529	6.155042	0.377947	5.940596
343	4.359586	0.079928	1.958956	6.238615	0.315603	6.002939
344	4.441871	-0.002357	6.320899	1.876672	0.253180	6.065362
345	4.522816	-0.083302	1.795726	6.401845	0.190827	6.127715
346	4.602375	-0.162861	6.481403	1.716168	0.128686	6.189856
347	4.680498	-0.240984	1.638044	6.559526	0.066890	6.251653
348	-0.317625	4.757139	1.561403	6.636167	0.005562	6.312981
349	4.832252	-0.392738	6.711280	1.486291	-0.055181	6.373724
350	4.905791	-0.466276	6.784819	1.412752	-0.115229	6.433772
351	4.977712	-0.538197	6.856740	1.340831	-0.174479	6.493021
352	5.047971	-0.608457	6.927000	1.270571	-0.232833	6.551376
353	-0.677013	5.116527	6.995556	1.202015	-0.290200	6.608743
354	5.183338	-0.743824	1.135204	7.062367	-0.346494	6.665037
355	-0.808850	5.248364	7.127393	1.070178	-0.401633	6.720176
356	5.311566	-0.872052	7.190594	1.006976	-0.455540	6.774082
357	5.372905	-0.933391	7.251934	0.945637	-0.508142	6.826685
358	-0.992831	5.432345	0.886197	7.311374	-0.559371	6.877913
359	-1.050336	5.489850	0.828692	7.368878	-0.609162	6.927704
360	5.545385	-1.105871	7.424413	0.773157	-0.657452	6.975995
361	5.598917	-1.159403	7.477945	0.719626	-0.704186	7.022728
362	-1.210899	5.650413	7.529441	0.668129	-0.749306	7.067849
363	5.699843	-1.260329	7.578871	0.618699	-0.792763	7.111306
364	5.747177	-1.307662	7.626205	0.571366	-0.834507	7.153050
365	-1.352871	5.792385	0.526157	7.671414	-0.874492	7.193035
366	-1.395928	5.835442	0.483101	7.714470	-0.912676	7.231219
367	-1.436807	5.876321	0.442222	7.755349	-0.949017	7.267560
368	5.914997	-1.475483	0.403546	7.794025	-0.983478	7.302021
369	5.951447	-1.511933	7.830476	0.367095	-1.016024	7.334566
370	5.985650	-1.546136	7.864678	0.332893	-1.046620	7.365163
371	-1.578070	6.017584	7.896612	0.300959	-1.075238	7.393780
372	6.047230	-1.607716	7.926259	0.271312	-1.101847	7.420389
373	6.074571	-1.635057	7.953599	0.243971	-1.126422	7.444965
374	-1.660076	6.099590	0.218953	7.978618	-1.148940	7.467482
375	-1.682758	6.122272	0.196271	8.001300	-1.169377	7.487920
376	6.142603	-1.703089	8.021631	0.175940	-1.187716	7.506258
377	6.160571	-1.721057	8.039599	0.157972	-1.203938	7.522480
378	6.176165	-1.736651	8.055194	0.142377	-1.218027	7.536570
379	6.189376	-1.749862	8.068405	0.129166	-1.229972	7.548514
380	-1.760682	6.200196	0.118346	8.079225	-1.239760	7.558302
381	6.208619	-1.769104	8.087647	0.109924	-1.247382	7.565924
382	-1.775124	6.214638	0.103904	8.093666	-1.252832	7.571374
383	6.218251	-1.778737	8.097280	0.100291	-1.256103	7.574646
