path	energy1	energy2	mu
0	8.404125	0.404125	6.170000
1	8.403138	0.405112	6.170000
2	8.400178	0.408072	6.170000
3	8.395249	0.413001	6.170000
4	8.388354	0.419896	6.170000
5	8.379502	0.428748	6.170000
6	8.368700	0.439550	6.170000
7	8.355959	0.452291	6.170000
8	8.341291	0.466959	6.170000
9	8.324712	0.483538	6.170000
10	8.306238	0.502012	6.170000
11	8.285887	0.522363	6.170000
12	8.263678	0.544572	6.170000
13	8.239634	0.568616	6.170000
14	8.213779	0.594471	6.170000
15	8.186138	0.622112	6.170000
16	8.156738	0.651512	6.170000
17	8.125609	0.682641	6.170000
18	8.092781	0.715469	6.170000
19	8.058286	0.749964	6.170000
20	8.022159	0.786091	6.170000
21	7.984435	0.823815	6.170000
22	7.945151	0.863099	6.170000
23	7.904347	0.903903	6.170000
24	7.862062	0.946188	6.170000
25	7.818339	0.989911	6.170000
26	7.773219	1.035031	6.170000
27	7.726749	1.081501	6.170000
28	7.678973	1.129277	6.170000
29	7.629939	1.178311	6.170000
30	7.579696	1.228554	6.170000
31	7.528292	1.279958	6.170000
32	7.475779	1.332471	6.170000
33	7.422208	1.386042	6.170000
34	7.367632	1.440618	6.170000
35	7.312106	1.496144	6.170000
36	7.255684	1.552566	6.170000
37	7.198421	1.609829	6.170000
38	7.140374	1.667876	6.170000
39	7.081601	1.726649	6.170000
40	7.022159	1.786091	6.170000
41	6.962107	1.846143	6.170000
42	6.901505	1.906745	6.170000
43	6.840411	1.967839	6.170000
44	6.778888	2.029362	6.170000
45	6.716994	2.091256	6.170000
46	6.654791	2.153459	6.170000
47	6.592342	2.215908	6.170000
48	6.529706	2.278544	6.170000
49	6.466947	2.341303	6.170000
50	6.404125	2.404125	6.170000
51	6.341303	2.466947	6.170000
52	6.278544	2.529706	6.170000
53	6.215908	2.592342	6.170000
54	6.153459	2.654791	6.170000
55	6.091256	2.716994	6.170000
56	6.029362	2.778888	6.170000
57	5.967839	2.840411	6.170000
58	5.906745	2.901505	6.170000
59	5.846143	2.962107	6.170000
60	5.786091	3.022159	6.170000
61	5.726649	3.081601	6.170000
62	5.667876	3.140374	6.170000
63	5.609829	3.198421	6.170000
64	5.552566	3.255684	6.170000
65	5.496144	3.312106	6.170000
66	5.440618	3.367632	6.170000
67	5.386042	3.422208	6.170000
68	5.332471	3.475779	6.170000
69	5.279958	3.528292	6.170000
70	5.228554	3.579696	6.170000
71	5.178311	3.629939	6.170000
72	5.129277	3.678973	6.170000
73	5.081501	3.726749	6.170000
74	5.035031	3.773219	6.170000
75	4.989911	3.818339	6.170000
76	4.946188	3.862062	6.170000
77	4.903903	3.904347	6.170000
78	4.863099	3.945151	6.170000
79	4.823815	3.984435	6.170000
80	4.786091	4.022159	6.170000
81	4.749964	4.058286	6.170000
82	4.715469	4.092781	6.170000
83	4.682641	4.125609	6.170000
84	4.651512	4.156738	6.170000
85	4.622112	4.186138	6.170000
86	4.594471	4.213779	6.170000
87	4.568616	4.239634	6.170000
88	4.544572	4.263678	6.170000
89	4.522363	4.285887	6.170000
90	4.502012	4.306238	6.170000
91	4.483538	4.324712	6.170000
92	4.466959	4.341291	6.170000
93	4.452291	4.355959	6.170000
94	4.439550	4.368700	6.170000
95	4.428748	4.379502	6.170000
96	4.419896	4.388354	6.170000
97	4.413001	4.395249	6.170000
98	4.408072	4.400178	6.170000
99	4.405112	4.403138	6.170000
100	4.404125	4.404125	6.170000
101	4.405112	4.403138	6.170000
102	4.400178	4.408072	6.170000
103	4.395249	4.413001	6.170000
104	4.419896	4.388354	6.170000
105	4.428748	4.379502	6.170000
106	4.439550	4.368700	6.170000
107	4.355959	4.452291	6.170000
108	4.466959	4.341291	6.170000
109	4.324712	4.483538	6.170000
110	4.502012	4.306238	6.170000
111	4.285887	4.522363	6.170000
112	4.263678	4.544572	6.170000
113	4.568616	4.239634	6.170000
114	4.594471	4.213779	6.170000
115	4.622112	4.186138	6.170000
116	4.156738	4.651512	6.170000
117	4.682641	4.125609	6.170000
118	4.715469	4.092781	6.170000
119	4.058286	4.749964	6.170000
120	4.786091	4.022159	6.170000
121	4.823815	3.984435	6.170000
122	4.863099	3.945151	6.170000
123	4.903903	3.904347	6.170000
124	4.946188	3.862062	6.170000
125	4.989911	3.818339	6.170000
126	5.035031	3.773219	6.170000
127	5.081501	3.726749	6.170000
128	5.129277	3.678973	6.170000
129	5.178311	3.629939	6.170000
130	5.228554	3.579696	6.170000
131	5.279958	3.528292	6.170000
132	3.475779	5.332471	6.170000
133	5.386042	3.422208	6.170000
134	3.367632	5.440618	6.170000
135	5.496144	3.312106	6.170000
136	5.552566	3.255684	6.170000
137	3.198421	5.609829	6.170000
138	5.667876	3.140374	6.170000
139	5.726649	3.081601	6.170000
140	5.786091	3.022159	6.170000
141	5.846143	2.962107	6.170000
142	5.906745	2.901505	6.170000
143	5.967839	2.840411	6.170000
144	2.778888	6.029362	6.170000
145	2.716994	6.091256	6.170000
146	6.153459	2.654791	6.170000
147	6.215908	2.592342	6.170000
148	2.529706	6.278544	6.170000
149	6.341303	2.466947	6.170000
150	6.404125	2.404125	6.170000
151	6.466947	2.341303	6.170000
152	2.278544	6.529706	6.170000
153	2.215908	6.592342	6.170000
154	6.654791	2.153459	6.170000
155	2.091256	6.716994	6.170000
156	6.778888	2.029362	6.170000
157	6.840411	1.967839	6.170000
158	1.906745	6.901505	6.170000
159	6.962107	1.846143	6.170000
160	7.022159	1.786091	6.170000
161	7.081601	1.726649	6.170000
162	7.140374	1.667876	6.170000
163	1.609829	7.198421	6.170000
164	7.255684	1.552566	6.170000
165	7.312106	1.496144	6.170000
166	1.440618	7.367632	6.170000
167	1.386042	7.422208	6.170000
168	7.475779	1.332471	6.170000
169	7.528292	1.279958	6.170000
170	7.579696	1.228554	6.170000
171	7.629939	1.178311	6.170000
172	7.678973	1.129277	6.170000
173	7.726749	1.081501	6.170000
174	7.773219	1.035031	6.170000
175	7.818339	0.989911	6.170000
176	0.946188	7.862062	6.170000
177	7.904347	0.903903	6.170000
178	7.945151	0.863099	6.170000
179	7.984435	0.823815	6.170000
180	8.022159	0.786091	6.170000
181	8.058286	0.749964	6.170000
182	0.715469	8.092781	6.170000
183	8.125609	0.682641	6.170000
184	0.651512	8.156738	6.170000
185	0.622112	8.186138	6.170000
186	8.213779	0.594471	6.170000
187	8.239634	0.568616	6.170000
188	0.544572	8.263678	6.170000
189	8.285887	0.522363	6.170000
190	0.502012	8.306238	6.170000
191	8.324712	0.483538	6.170000
192	8.341291	0.466959	6.170000
193	8.355959	0.452291	6.170000
194	8.368700	0.439550	6.170000
195	8.379502	0.428748	6.170000
196	0.419896	8.388354	6.170000
197	8.395249	0.413001	6.170000
198	0.408072	8.400178	6.170000
199	8.403138	0.405112	6.170000
200	0.404618	8.403632	6.170000
201	0.406592	8.401658	6.170000
202	8.395739	0.412511	6.170000
203	8.385882	0.422368	6.170000
204	8.372094	0.436156	6.170000
205	8.354391	0.453859	6.170000
206	0.475461	8.332789	6.170000
207	0.500940	8.307310	6.170000
208	8.277980	0.530270	6.170000
209	8.244826	0.563424	6.170000
210	8.207882	0.600368	6.170000
211	8.167184	0.641066	6.170000
212	8.122772	0.685478	6.170000
213	8.074691	0.733559	6.170000
214	8.022987	0.785263	6.170000
215	0.840539	7.967711	6.170000
216	7.908919	0.899331	6.170000
217	7.846668	0.961582	6.170000
218	7.781020	1.027230	6.170000
219	7.712039	1.096211	6.170000
220	7.639794	1.168456	6.170000
221	7.564355	1.243895	6.170000
222	7.485798	1.322452	6.170000
223	7.404199	1.404051	6.170000
224	7.319640	1.488610	6.170000
225	7.232203	1.576047	6.170000
226	7.141976	1.666274	6.170000
227	7.049046	1.759204	6.170000
228	6.953506	1.854744	6.170000
229	6.855451	1.952799	6.170000
230	6.754976	2.053274	6.170000
231	6.652181	2.156069	6.170000
232	6.547168	2.261082	6.170000
233	6.440039	2.368211	6.170000
234	2.477348	6.330902	6.170000
235	6.219863	2.588387	6.170000
236	6.107032	2.701218	6.170000
237	2.815729	5.992521	6.170000
238	5.876442	2.931808	6.170000
239	3.049340	5.758910	6.170000
240	3.168210	5.640040	6.170000
241	5.519952	3.288298	6.170000
242	5.398762	3.409488	6.170000
243	3.531660	5.276590	6.170000
244	3.654692	5.153558	6.170000
245	5.029786	3.778464	6.170000
246	4.905396	3.902854	6.170000
247	4.780512	4.027738	6.170000
248	4.655256	4.152994	6.170000
249	4.278497	4.529753	6.170000
250	4.404125	4.404125	6.170000
251	4.529753	4.278497	6.170000
252	4.152994	4.655256	6.170000
253	4.027738	4.780512	6.170000
254	4.905396	3.902854	6.170000
255	5.029786	3.778464	6.170000
256	5.153558	3.654692	6.170000
257	5.276590	3.531660	6.170000
258	5.398762	3.409488	6.170000
259	3.288298	5.519952	6.170000
260	5.640040	3.168210	6.170000
261	3.049340	5.758910	6.170000
262	5.876442	2.931808	6.170000
263	2.815729	5.992521	6.170000
264	6.107032	2.701218	6.170000
265	2.588387	6.219863	6.170000
266	6.330902	2.477348	6.170000
267	2.368211	6.440039	6.170000
268	2.261082	6.547168	6.170000
269	2.156069	6.652181	6.170000
270	6.754976	2.053274	6.170000
271	1.952799	6.855451	6.170000
272	6.953506	1.854744	6.170000
273	7.049046	1.759204	6.170000
274	1.666274	7.141976	6.170000
275	1.576047	7.232203	6.170000
276	7.319640	1.488610	6.170000
277	7.404199	1.404051	6.170000
278	7.485798	1.322452	6.170000
279	7.564355	1.243895	6.170000
280	1.168456	7.639794	6.170000
281	7.712039	1.096211	6.170000
282	7.781020	1.027230	6.170000
283	7.846668	0.961582	6.170000
284	0.899331	7.908919	6.170000
285	7.967711	0.840539	6.170000
286	0.785263	8.022987	6.170000
287	8.074691	0.733559	6.170000
288	0.685478	8.122772	6.170000
289	8.167184	0.641066	6.170000
290	8.207882	0.600368	6.170000
291	8.244826	0.563424	6.170000
292	0.530270	8.277980	6.170000
293	0.500940	8.307310	6.170000
294	8.332789	0.475461	6.170000
295	8.354391	0.453859	6.170000
296	8.372094	0.436156	6.170000
297	8.385882	0.422368	6.170000
298	8.395739	0.412511	6.170000
299	8.401658	0.406592	6.170000
